+ source common/common_pcp.sh
++ source /root/mugen/libs/locallibs/common_lib.sh
+++ python3 --version
+++ '[' 0 -eq 0 ']'
+++ source /root/mugen/libs/locallibs/common_lib_python.sh
+ main
++ type -t post_test
+ '[' -n function ']'
+ trap post_test EXIT INT HUP TERM
+ rpm -qa
+ grep expect
++ type -t config_params
+ '[' -n '' ']'
++ type -t pre_test
+ '[' -n function ']'
+ pre_test
+ LOG_INFO 'Start to prepare the test environment.'
+ message='Start to prepare the test environment.'
+ python3 /root/mugen/libs/locallibs/mugen_log.py --level info --message 'Start to prepare the test environment.'
Sat Aug 12 13:01:41 2023 - INFO  - Start to prepare the test environment.
+ deploy_env
+ DNF_INSTALL pcp
+ pkgs=pcp
+ node=1
+ '[' -z '' ']'
+ tmpfile=
++ python3 /root/mugen/libs/locallibs/rpm_manage.py install --pkgs pcp --node 1 --tempfile ''
Sat Aug 12 13:01:56 2023 - INFO  - pkgs:(pcp) is already installed
+ tmpfile2=
+ '[' -z '' ']'
+ tmpfile=
+ systemctl enable pmcd
+ systemctl start pmcd
+ systemctl enable pmlogger
+ systemctl start pmlogger
+ SLEEP_WAIT 10
+ wait_time=10
+ cmd=
+ mode=1
+ python3 /root/mugen/libs/locallibs/sleep_wait.py --time 10 --cmd '' --mode 1
++ hostname
+ host_name=openeuler-riscv64
++ rpm -qa pcp
++ awk -F - '{print $2}'
+ pcp_version=5.3.7
++ pcp -h openeuler-riscv64
++ grep 'primary logger:'
++ awk -F: '{print $NF}'
+ archive_data=' /var/log/pcp/pmlogger/openeuler-riscv64/20230812.12.55'
+ LOG_INFO 'End to prepare the test environment.'
+ message='End to prepare the test environment.'
+ python3 /root/mugen/libs/locallibs/mugen_log.py --level info --message 'End to prepare the test environment.'
Sat Aug 12 13:02:27 2023 - INFO  - End to prepare the test environment.
++ type -t run_test
+ '[' -n function ']'
+ run_test
+ LOG_INFO 'Start to run test.'
+ message='Start to run test.'
+ python3 /root/mugen/libs/locallibs/mugen_log.py --level info --message 'Start to run test.'
Sat Aug 12 13:02:28 2023 - INFO  - Start to run test.
+ pmdumplog -n /var/lib/pcp/pmns/root /var/log/pcp/pmlogger/openeuler-riscv64/20230812.12.55
+ grep metrics
12:55:53.983323 5 metrics
12:55:54.345280 172 metrics
12:56:00.993387 794 metrics
12:56:24.512943 3 metrics
12:56:24.836090 81 metrics
12:56:54.091560 172 metrics
12:56:54.227135 794 metrics
12:57:54.141239 172 metrics
12:57:54.269406 794 metrics
12:58:54.137485 172 metrics
12:58:54.268248 794 metrics
12:59:54.110744 172 metrics
12:59:54.238965 794 metrics
13:00:54.104993 172 metrics
13:00:54.196225 794 metrics
13:00:54.357368 3 metrics
13:01:54.152182 172 metrics
13:01:54.300805 794 metrics
+ CHECK_RESULT 0
+ actual_result=0
+ expect_result=0
+ mode=0
+ error_log=
+ exit_mode=0
+ '[' -z 0 ']'
+ '[' 0 -eq 0 ']'
+ test 0x '!=' 0x
+ return 0
+ pmdumplog -r /var/log/pcp/pmlogger/openeuler-riscv64/20230812.12.55
+ grep metrics
13:01:54.300805 794 metrics
13:01:54.152182 172 metrics
13:00:54.357368 3 metrics
13:00:54.196225 794 metrics
13:00:54.104993 172 metrics
12:59:54.238965 794 metrics
12:59:54.110744 172 metrics
12:58:54.268248 794 metrics
12:58:54.137485 172 metrics
12:57:54.269406 794 metrics
12:57:54.141239 172 metrics
12:56:54.227135 794 metrics
12:56:54.091560 172 metrics
12:56:24.836090 81 metrics
12:56:24.512943 3 metrics
12:56:00.993387 794 metrics
12:55:54.345280 172 metrics
12:55:53.983323 5 metrics
+ CHECK_RESULT 0
+ actual_result=0
+ expect_result=0
+ mode=0
+ error_log=
+ exit_mode=0
+ '[' -z 0 ']'
+ '[' 0 -eq 0 ']'
+ test 0x '!=' 0x
+ return 0
+ pmdumplog -S @00 -T @23 /var/log/pcp/pmlogger/openeuler-riscv64/20230812.12.55
+ grep metrics
12:55:53.983323 5 metrics
12:55:54.345280 172 metrics
12:56:00.993387 794 metrics
12:56:24.512943 3 metrics
12:56:24.836090 81 metrics
12:56:54.091560 172 metrics
12:56:54.227135 794 metrics
12:57:54.141239 172 metrics
12:57:54.269406 794 metrics
12:58:54.137485 172 metrics
12:58:54.268248 794 metrics
12:59:54.110744 172 metrics
12:59:54.238965 794 metrics
13:00:54.104993 172 metrics
13:00:54.196225 794 metrics
13:00:54.357368 3 metrics
13:01:54.152182 172 metrics
13:01:54.300805 794 metrics
+ CHECK_RESULT 0
+ actual_result=0
+ expect_result=0
+ mode=0
+ error_log=
+ exit_mode=0
+ '[' -z 0 ']'
+ '[' 0 -eq 0 ']'
+ test 0x '!=' 0x
+ return 0
+ pmdumplog -s /var/log/pcp/pmlogger/openeuler-riscv64/20230812.12.55
+ grep metrics
12:55:53.983323 5 metrics
12:55:54.345280 172 metrics
12:56:00.993387 794 metrics
12:56:24.512943 3 metrics
12:56:24.836090 81 metrics
12:56:54.091560 172 metrics
12:56:54.227135 794 metrics
12:57:54.141239 172 metrics
12:57:54.269406 794 metrics
12:58:54.137485 172 metrics
12:58:54.268248 794 metrics
12:59:54.110744 172 metrics
12:59:54.238965 794 metrics
13:00:54.104993 172 metrics
13:00:54.196225 794 metrics
13:00:54.357368 3 metrics
13:01:54.152182 172 metrics
13:01:54.300805 794 metrics
+ CHECK_RESULT 0
+ actual_result=0
+ expect_result=0
+ mode=0
+ error_log=
+ exit_mode=0
+ '[' -z 0 ']'
+ '[' 0 -eq 0 ']'
+ test 0x '!=' 0x
+ return 0
+ pmdumplog -t /var/log/pcp/pmlogger/openeuler-riscv64/20230812.12.55
+ grep 'Log Vol'
			Log Vol    end(meta)     end(log)
+ CHECK_RESULT 0
+ actual_result=0
+ expect_result=0
+ mode=0
+ error_log=
+ exit_mode=0
+ '[' -z 0 ']'
+ '[' 0 -eq 0 ']'
+ test 0x '!=' 0x
+ return 0
+ pmdumplog -v /var/log/pcp/pmlogger/openeuler-riscv64/20230812.12.55.index
+ grep index
Raw dump of physical archive file "/var/log/pcp/pmlogger/openeuler-riscv64/20230812.12.55.index" ...
+ CHECK_RESULT 0
+ actual_result=0
+ expect_result=0
+ mode=0
+ error_log=
+ exit_mode=0
+ '[' -z 0 ']'
+ '[' 0 -eq 0 ']'
+ test 0x '!=' 0x
+ return 0
+ pmdumplog -x /var/log/pcp/pmlogger/openeuler-riscv64/20230812.12.55
+ grep metrics
Sat Aug 12 12:55:53.983323 2023 5 metrics
Sat Aug 12 12:55:54.345280 2023 172 metrics
Sat Aug 12 12:56:00.993387 2023 794 metrics
Sat Aug 12 12:56:24.512943 2023 3 metrics
Sat Aug 12 12:56:24.836090 2023 81 metrics
Sat Aug 12 12:56:54.091560 2023 172 metrics
Sat Aug 12 12:56:54.227135 2023 794 metrics
Sat Aug 12 12:57:54.141239 2023 172 metrics
Sat Aug 12 12:57:54.269406 2023 794 metrics
Sat Aug 12 12:58:54.137485 2023 172 metrics
Sat Aug 12 12:58:54.268248 2023 794 metrics
Sat Aug 12 12:59:54.110744 2023 172 metrics
Sat Aug 12 12:59:54.238965 2023 794 metrics
Sat Aug 12 13:00:54.104993 2023 172 metrics
Sat Aug 12 13:00:54.196225 2023 794 metrics
Sat Aug 12 13:00:54.357368 2023 3 metrics
Sat Aug 12 13:01:54.152182 2023 172 metrics
Sat Aug 12 13:01:54.300805 2023 794 metrics
+ CHECK_RESULT 0
+ actual_result=0
+ expect_result=0
+ mode=0
+ error_log=
+ exit_mode=0
+ '[' -z 0 ']'
+ '[' 0 -eq 0 ']'
+ test 0x '!=' 0x
+ return 0
+ pmdumplog -Z Asia/Shanghai /var/log/pcp/pmlogger/openeuler-riscv64/20230812.12.55
+ grep 'timezone set'
Note: timezone set to "TZ=Asia/Shanghai"
+ CHECK_RESULT 0
+ actual_result=0
+ expect_result=0
+ mode=0
+ error_log=
+ exit_mode=0
+ '[' -z 0 ']'
+ '[' 0 -eq 0 ']'
+ test 0x '!=' 0x
+ return 0
+ pmdumplog -z /var/log/pcp/pmlogger/openeuler-riscv64/20230812.12.55
+ grep 'local timezone'
Note: timezone set to local timezone of host "openeuler-riscv64" from archive
+ CHECK_RESULT 0
+ actual_result=0
+ expect_result=0
+ mode=0
+ error_log=
+ exit_mode=0
+ '[' -z 0 ']'
+ '[' 0 -eq 0 ']'
+ test 0x '!=' 0x
+ return 0
+ LOG_INFO 'End to run test.'
+ message='End to run test.'
+ python3 /root/mugen/libs/locallibs/mugen_log.py --level info --message 'End to run test.'
Sat Aug 12 13:02:34 2023 - INFO  - End to run test.
+ CASE_RESULT 0
+ case_re=0
+ test -z ''
+ test 0 -eq 0
+ LOG_INFO 'succeed to execute the case.'
+ message='succeed to execute the case.'
+ python3 /root/mugen/libs/locallibs/mugen_log.py --level info --message 'succeed to execute the case.'
Sat Aug 12 13:02:36 2023 - INFO  - succeed to execute the case.
+ exec_result=
+ exit 0
+ post_test
+ LOG_INFO 'Start to restore the test environment.'
+ message='Start to restore the test environment.'
+ python3 /root/mugen/libs/locallibs/mugen_log.py --level info --message 'Start to restore the test environment.'
Sat Aug 12 13:02:37 2023 - INFO  - Start to restore the test environment.
+ DNF_REMOVE
+ node=1
+ pkg_list=
+ mode=0
+ [[ -z '' ]]
+ [[ -z '' ]]
+ LOG_WARN 'no thing to do.'
+ message='no thing to do.'
+ python3 /root/mugen/libs/locallibs/mugen_log.py --level warn --message 'no thing to do.'
Sat Aug 12 13:02:38 2023 - WARN  - no thing to do.
+ return 0
+ LOG_INFO 'End to restore the test environment.'
+ message='End to restore the test environment.'
+ python3 /root/mugen/libs/locallibs/mugen_log.py --level info --message 'End to restore the test environment.'
Sat Aug 12 13:02:40 2023 - INFO  - End to restore the test environment.
